31016
31018
31019
31015
31014
31017
31022
31023
31026
31024
31025
31020
31021
31027
31028
31000
31003
31008
31004
31005
31006
31007
31001
31002
31011
31012
31013
31010
31009
20219
20251
26301
20220
20253
20221
20218
20250
20266
26300
20216
20252
20263
20224
90001
90004
22002
30005
20222
20223
20158
20205
25747
25749
25748
21011
21013
21012
21014
6025
20227
20249
21015
21016
21017
21018
20241
32136
25755
25754
25751
25750
25753
25752
32157
32158
32153
32154
32155
32156
20215
20225
20217
20210
20213
20211
20201
20214
20243
20265
20264
20267
20212
20204
20254
20203
20208
20206
20259
20260
20202
20207
20209
